taha 2 26 26 3 3 1 1 18 2 2025 1 13 1 30 1
abolhassan 4 39 57 5 5 4 2 17 2 2025 1 14 22 37 2
hassan 0 50 9 0 0 0 0 0 2 2025 1 14 22 43 3
hassan 1 37 23 2 2 2 1 5 2 2025 1 14 23 10 1
hassan 3 33 19 4 4 5 1 6 1 2025 1 14 23 14 2
hassan 0 31 0 0 0 0 1 0 2 2025 1 14 23 15 3
hassan 4 44 24 4 4 3 1 22 2 2025 1 14 23 20 1
taha 1 33 16 1 0 1 1 0 2 2025 1 14 23 24 1
hassan 2 51 35 3 4 2 2 13 2 2025 1 15 1 6 1
h 1 20 7 2 1 1 1 4 2 2025 1 15 1 16 1
hassan 1 7 8 1 1 1 1 3 2 2025 1 15 1 21 2
hassan 0 22 1 0 0 1 0 0 2 2025 1 15 1 55 1
hassan 3 52 38 3 4 3 4 11 2 2025 1 15 1 59 1
hassan 2 11 28 2 2 2 2 24 2 2025 1 15 2 2 3
mehrdad 4 26 42 5 4 5 1 16 1 2025 1 15 3 0 1
mehrdad 0 39 6 1 1 0 1 2 1 2025 1 15 3 2 1
hassan 3 1 45 2 3 3 1 11 1 2025 1 15 3 9 2
hassan 9 13 104 10 11 10 3 49 2 2025 1 15 3 22 2
hassan 1 12 16 1 1 1 1 8 2 2025 1 15 3 29 3
hassan 1 29 10 2 2 1 1 12 2 2025 1 15 3 32 3
hassan 2 47 43 3 3 1 2 14 2 2025 1 15 11 56 2
hassan 1 13 13 1 1 1 0 5 2 2025 1 15 12 2 2
hassan 1 32 18 1 1 0 0 2 2 2025 1 15 12 15 2
hassan 2 5 25 2 2 1 1 11 2 2025 1 15 12 17 2
hassan 1 56 25 2 1 1 1 5 2 2025 1 15 12 58 2
hassan 1 52 21 2 2 1 2 7 2 2025 1 15 14 22 2
hello 0 39 4 1 0 1 0 0 2 2025 1 15 14 50 1
hello 1 47 25 2 1 2 1 3 2 2025 1 15 14 56 1
h 2 42 42 3 4 2 4 7 2 2025 1 15 15 15 1
h 2 51 41 3 3 1 0 9 2 2025 1 15 15 24 1
mehrdad 3 35 27 4 4 3 2 30 2 2025 1 15 15 48 3
mehrdad 8 14 98 9 9 10 2 57 2 2025 1 15 15 58 3
mehrdad 1 30 10 1 2 2 2 12 2 2025 1 15 16 0 3
ali-mmd 0 59 7 1 1 1 1 2 2 2025 1 15 16 8 3
mr-taha 1 53 11 1 2 2 1 9 2 2025 1 15 16 10 3
hello-you 2 35 70 2 2 3 0 3 2 2025 1 15 16 26 3
mehrdad-abedi 1 3 9 1 1 1 3 5 2 2025 1 15 16 39 2
mehrdad-abedi 0 41 1 0 0 0 0 0 2 2025 1 15 16 41 3
hello 2 3 33 2 2 1 1 6 2 2025 1 15 16 49 2
hello 0 49 4 1 0 0 0 0 2 2025 1 15 17 6 2
hello 1 4 16 1 1 1 2 3 2 2025 1 15 17 46 1
mehrdad 1 46 11 1 2 1 1 14 2 2025 1 15 18 26 3
helol 4 56 39 3 5 1 1 24 2 2025 1 15 18 43 3
taha-abedi 0 58 7 0 0 2 1 0 2 2025 1 15 18 45 1
taha-abedi 3 20 26 3 3 3 0 12 2 2025 1 15 18 49 3
taha 2 28 18 2 3 3 2 11 2 2025 1 15 18 53 3
taha 0 0 0 0 0 0 0 0 2 2025 1 15 18 57 1
hello 0 50 7 0 0 1 1 0 2 2025 1 15 18 59 1
hello 0 39 5 0 0 0 1 0 2 2025 1 15 19 15 1
mehrdad 0 43 8 0 0 0 1 0 2 2025 1 15 19 29 1
mehrdad 1 22 16 2 2 1 3 4 2 2025 1 15 19 31 1
mehrdad 1 24 9 2 2 1 2 6 1 2025 1 15 19 32 1
helo 0 33 5 1 0 0 0 0 2 2025 1 15 19 52 1
helo 2 19 33 3 3 1 4 7 1 2025 1 15 19 55 1
hello 2 7 27 3 1 2 2 1 2 2025 1 15 20 9 1
hello 0 55 9 1 2 1 4 3 1 2025 1 15 20 10 1
hello 3 6 42 4 3 3 2 7 1 2025 1 15 20 48 1
hello 2 42 34 3 3 2 1 15 1 2025 1 15 20 51 3
taha 0 5 0 0 0 0 0 0 1 2025 1 15 22 51 1
taha 0 7 0 0 0 0 0 0 1 2025 1 15 22 52 1
taha 2 21 40 3 3 0 1 6 1 2025 1 15 22 54 1
taha 0 3 0 0 0 0 0 0 1 2025 1 15 22 55 1
taha 4 38 61 4 4 5 1 14 1 2025 1 15 23 0 3
hshshshshshshsh 0 2 0 0 0 0 0 0 2 2025 1 15 23 1 1
hshshshshshshsh 12 9 171 12 13 12 1 48 2 2025 1 15 23 14 3
tatamuli 0 46 0 0 1 0 0 0 1 2025 1 15 23 17 1
tatamuli 6 57 2 2 2 10 0 10 1 2025 1 15 23 24 2
tatamuli 5 40 1 0 3 8 0 2 1 2025 1 15 23 30 2
tatamuli 0 11 1 1 0 0 0 0 1 2025 1 15 23 30 2
tatamuli 1 28 0 0 0 2 0 0 2 2025 1 15 23 32 2
tatamuli 1 33 1 0 2 2 0 1 1 2025 1 15 23 33 2
tatamuli 15 3 0 6 6 18 0 8 1 2025 1 15 23 50 2
mehrdad 0 9 1 0 0 0 0 0 1 2025 1 16 11 9 1
hello 0 48 6 0 0 0 2 0 1 2025 1 16 11 19 3
hello 0 5 0 0 0 0 0 0 1 2025 1 16 11 39 1
j 0 33 0 0 0 0 0 0 1 2025 1 16 11 42 1
j 0 10 2 0 1 1 0 1 1 2025 1 16 11 42 3
j 0 1 0 0 0 0 0 0 1 2025 1 16 11 42 3
j 0 2 0 0 0 0 0 0 1 2025 1 16 11 42 3
j 0 2 0 0 0 0 0 0 1 2025 1 16 11 42 3
j 0 7 0 0 0 0 0 0 2 2025 1 16 11 42 3
j 0 8 0 0 0 0 0 0 1 2025 1 16 11 43 3
j 0 9 2 0 0 1 0 0 2 2025 1 16 11 43 3
j 0 7 3 0 1 0 0 1 2 2025 1 16 11 43 3
hello 0 13 1 1 0 0 0 0 1 2025 1 16 11 55 3
h 0 34 7 1 1 0 1 7 2 2025 1 16 11 59 3
h 0 10 0 0 0 0 0 0 1 2025 1 16 12 0 3
h 4 46 4 1 1 1 0 2 1 2025 1 16 12 5 1
hello 0 23 2 0 0 0 0 0 1 2025 1 16 12 20 3
h 0 12 0 0 0 0 0 0 1 2025 1 16 12 57 1
h 0 43 8 1 0 1 0 0 1 2025 1 16 12 57 3
hello 0 40 8 0 1 1 0 2 1 2025 1 16 13 47 3
taha-abedi 32 40 429 30 23 12 23 3 78 2025 1
h 1 10 7 1 1 2 0 4 2 2025 1 16 15 10 3
h 0 7 0 0 0 0 0 0 2 2025 1 16 15 10 3
h 3 15 39 4 4 5 2 10 2 2025 1 16 15 39 1
h 2 59 27 3 3 4 0 10 1 2025 1 16 15 42 3
h 0 32 6 1 1 1 0 6 2 2025 1 16 15 47 3
h 0 4 0 0 0 0 0 0 1 2025 1 16 15 49 1
h 0 5 0 0 0 0 0 0 2 2025 1 16 15 50 3
h 0 51 10 1 1 2 1 5 2 2025 1 16 15 51 3
j 0 3 0 0 0 0 0 0 1 2025 1 16 17 19 1
h 0 18 2 0 1 0 0 0 2 2025 1 16 17 21 1
h 0 6 0 0 0 0 0 0 2 2025 1 16 17 22 1
h 0 8 1 0 1 0 0 0 1 2025 1 16 17 22 1
k 0 2 0 0 0 0 0 0 2 2025 1 16 17 22 1
h 1 23 3 0 0 1 0 0 2 2025 1 16 17 56 1
h 1 5 20 1 1 2 1 0 2 2025 1 16 18 9 1
j 0 21 3 0 0 0 0 0 2 2025 1 16 18 11 1
h 0 8 0 0 0 0 1 0 2 2025 1 16 18 20 1
h 0 10 2 0 0 0 0 0 2 2025 1 16 18 20 1
h 0 10 2 0 0 0 0 0 2 2025 1 16 18 20 1
h 0 10 2 0 0 0 0 0 2 2025 1 16 18 20 1
h 0 10 2 0 0 0 0 0 2 2025 1 16 18 20 1
h 0 10 2 0 0 0 0 0 2 2025 1 16 18 20 2
h 0 13 1 1 0 0 0 0 2 2025 1 16 18 22 1
h 0 11 1 0 0 0 1 0 2 2025 1 16 18 22 1
h 0 4 0 0 0 0 0 0 2 2025 1 16 18 29 1
h 0 16 3 0 0 0 1 0 3 2025 1 16 18 30 1
h 0 1 0 0 0 0 0 0 3 2025 1 16 18 30 1
h 0 2 0 0 0 0 0 0 1 2025 1 16 18 30 1
h 0 2 0 0 0 0 0 0 2 2025 1 16 18 30 1
j 0 5 0 0 0 0 0 0 2 2025 1 16 18 39 1
j 0 3 0 0 0 0 0 0 3 2025 1 16 18 39 1
h 0 5 0 0 0 0 0 0 1 2025 1 16 18 40 1
h 0 10 1 0 0 0 1 0 2 2025 1 16 18 41 1
h 0 11 3 0 0 0 0 0 3 2025 1 16 18 46 1
h 0 2 0 0 0 0 0 0 3 2025 1 16 18 47 1
h 0 38 2 0 0 1 0 0 3 2025 1 16 19 43 1
mehrdad 0 7 0 0 0 0 0 0 3 2025 1 16 21 19 1
h 1 58 18 2 2 2 1 3 3 2025 1 16 21 25 1
h 0 38 7 1 1 1 1 0 3 2025 1 16 21 30 1
hj 1 53 26 2 1 2 0 1 3 2025 1 16 21 54 1
HJ 8 58 145 9 8 8 3 16 3 2025 1 16 22 6 1
mehrdad 0 7 1 0 0 0 0 0 3 2025 1 16 22 25 3
mehrdad 1 55 26 1 2 3 0 7 3 2025 1 16 22 27 3
bh 5 13 90 5 4 5 0 7 3 2025 1 17 0 7 1
jk 0 11 3 1 0 0 0 0 3 2025 1 17 0 25 1
jk 0 11 6 0 1 1 0 0 3 2025 1 17 0 26 1
jk 0 4 0 0 0 1 0 0 1 2025 1 17 0 26 1
jk 0 5 0 0 0 0 0 0 2 2025 1 17 0 26 1
jk 0 5 1 0 0 0 0 0 2 2025 1 17 0 26 1
jk 0 2 0 0 0 0 0 0 3 2025 1 17 0 27 1
jk 0 4 0 0 0 0 0 0 1 2025 1 17 0 27 1
jk 0 34 12 1 1 0 0 0 2 2025 1 17 0 28 1
jk 0 2 0 0 0 0 0 0 1 2025 1 17 0 28 1
jk 0 3 0 0 0 0 0 0 3 2025 1 17 0 28 3
jk 0 3 0 0 0 0 0 0 2 2025 1 17 0 28 3
jk 0 2 0 0 0 0 0 0 1 2025 1 17 0 28 3
mehrdad-abedi 3 46 64 4 4 4 0 17 3 2025 1 17 1 2 3
mehrdad-abedi 2 10 27 1 2 3 1 6 3 2025 1 17 1 4 3
h 1 5 16 1 1 1 0 0 3 2025 1 17 1 12 1
j 6 44 119 6 7 9 1 9 3 2025 1 17 1 22 1
j 0 19 6 0 0 1 0 0 3 2025 1 17 1 24 1
j 0 1 0 0 0 0 0 0 3 2025 1 17 1 25 1
j 0 1 0 0 0 0 0 0 1 2025 1 17 1 25 1
mehrdad 0 5 0 0 0 0 0 0 1 2025 1 17 1 28 1
mehrdad 0 10 4 0 0 0 0 0 3 2025 1 17 1 29 1
hj 0 5 0 0 0 0 0 0 3 2025 1 17 1 32 1
hello 0 5 1 0 0 0 0 0 1 2025 1 17 1 33 1
hello 0 2 0 0 0 0 0 0 2 2025 1 17 1 33 1
mr-tester-gamer- 1 9 13 1 1 2 0 3 1 2025 1 17 10 41 1
mr-tester-gamer- 0 59 5 1 1 1 0 5 3 2025 1 17 10 42 3
mr-tester-gamer- 1 12 16 1 1 1 0 4 2 2025 1 17 10 44 3
mr-tester-gamer- 1 1 12 1 1 1 0 4 1 2025 1 17 10 45 3
mr-tester-gamer- 8 2 98 6 6 9 0 16 1 2025 1 17 10 54 3
mehrdad 0 6 1 0 0 0 0 0 3 2025 1 17 10 55 1
hello 0 4 0 0 0 0 0 0 2 2025 1 17 10 58 1
hello 1 48 20 2 2 2 0 4 2 2025 1 17 11 0 3
mr-tester-gamr 0 24 6 0 0 0 0 0 3 2025 1 17 13 31 3
mr-tester-gamr 0 9 2 0 1 0 0 0 1 2025 1 17 13 31 2
mr-tester-gamr 2 36 28 2 1 3 0 2 1 2025 1 17 13 34 3
mr-tester-gamr 0 59 4 0 0 1 1 0 1 2025 1 17 13 35 3
mr-tester-gamr 0 58 8 1 1 1 0 2 1 2025 1 17 13 36 3
hj 0 20 1 0 0 1 0 0 1 2025 1 17 15 52 2
hj 0 45 11 1 1 1 0 3 1 2025 1 17 16 11 2
hg 0 55 10 1 1 2 2 4 1 2025 1 17 16 17 2
hj' 0 45 10 1 1 1 0 4 1 2025 1 17 16 19 2
mehrdad 0 51 20 1 1 1 1 0 3 2025 1 17 16 23 2
hg 0 43 8 1 1 1 0 3 3 2025 1 17 16 25 3
jk 0 10 3 0 0 0 0 0 3 2025 1 17 16 26 1
jk 0 40 8 1 1 1 2 0 3 2025 1 17 16 27 2
jk 0 33 4 1 1 0 0 3 3 2025 1 17 16 30 3
gh 0 11 1 1 0 0 1 0 3 2025 1 17 16 31 3
mehrdad 0 18 3 0 0 0 0 0 2 2025 1 17 16 32 3
hello 0 1 1 0 0 0 0 0 3 2025 1 17 16 33 1
hello 0 35 11 1 0 1 0 0 1 2025 1 17 16 34 3
hj 0 5 0 0 0 0 0 0 3 2025 1 17 16 35 3
hello 2 53 60 3 3 3 0 4 2 2025 1 17 16 46 1
hello 0 43 7 1 1 1 0 2 3 2025 1 17 16 47 1
hj 0 5 1 0 0 0 0 0 1 2025 1 17 21 51 1
hj 0 3 0 0 0 0 0 0 2 2025 1 17 21 51 3
hj 0 16 2 1 1 0 2 0 3 2025 1 17 21 52 3
hello 5 25 50 4 4 5 0 8 3 2025 1 17 22 13 1
mefrdad 0 39 10 1 1 1 1 3 1 2025 1 17 22 18 1
mehrdad 0 33 9 1 1 0 1 4 3 2025 1 17 22 29 3
mehrdad 1 31 17 2 2 2 0 11 2 2025 1 17 22 32 3
mehrdad 0 39 4 1 1 1 0 3 1 2025 1 17 22 33 3
mehrdad 0 30 9 1 1 1 0 2 3 2025 1 18 0 47 1
hello 0 6 1 0 0 1 0 0 3 2025 1 18 0 53 3
mehrdad 0 6 1 0 0 0 0 0 3 2025 1 18 12 35 3
hell 0 24 6 0 1 1 1 0 3 2025 1 18 12 39 1
hell 1 1 9 1 1 1 0 4 1 2025 1 18 12 41 3
hell 1 0 14 1 1 2 0 3 3 2025 1 18 12 42 3
mehrdad 0 5 0 0 0 0 0 0 1 2025 1 18 12 43 1
mehrdad 0 3 0 0 0 0 0 0 3 2025 1 18 12 43 1
hello 0 15 3 0 1 0 0 1 3 2025 1 18 12 43 1
mehrdad 0 59 4 1 1 1 1 0 3 2025 1 18 13 17 1
mehrdad 0 53 3 0 0 0 0 0 3 2025 1 18 13 19 3
ameri 1 18 11 1 1 1 1 1 2 2025 1 23 19 12 1
ameri 0 20 4 1 0 0 1 0 2 2025 1 23 19 13 3
 1 52 29 2 2 3 0 3 3 2025 1 26 17 3 1
mehrdad-abedi 0 58 16 1 1 1 0 3 3 2025 1 29 21 27 1
mehrdad-abedi 1 18 9 1 0 1 0 0 1 2025 1 29 21 29 3
mehrdad-abedi 0 56 17 1 1 2 0 2 1 2025 1 29 21 41 1
shoori 0 50 9 1 1 1 0 0 3 2025 2 8 17 48 1
shoori 1 19 13 2 2 1 0 8 1 2025 2 8 17 50 2
mehrdad-abedi 1 13 14 1 1 2 0 3 3 2025 2 22 12 37 3
arash-ahmagh 0 35 2 1 1 1 1 2 3 2025 3 10 14 25 1
arash-ahmagh 0 34 6 0 0 1 0 0 3 2025 3 10 14 25 3
Omid-Ghorbani 1 0 9 0 1 1 1 0 2 2025 4 24 14 13 1
Omid-Ghorbani 0 43 9 0 0 0 1 0 3 2025 4 24 14 14 3
Omid-Ghorbani 0 10 1 0 0 0 0 0 3 2025 4 24 14 15 3
h 0 40 8 1 1 1 0 2 3 2025 4 24 18 21 1
h 0 30 7 0 0 1 0 0 2 2025 4 24 18 31 1
h 0 7 0 0 0 0 0 0 2 2025 4 24 18 52 1
hj 0 33 5 0 1 0 0 3 1 2025 4 24 19 6 1
j 0 12 1 0 0 0 0 0 2 2025 4 24 19 15 1
hg 0 13 0 1 0 0 0 0 3 2025 4 24 19 34 1
h 0 22 1 1 0 1 0 0 3 2025 4 24 20 14 1
h 0 6 0 0 0 0 0 0 1 2025 4 24 20 18 1
he 0 30 4 1 1 1 0 0 3 2025 4 24 20 23 1
he 0 4 0 0 0 0 0 0 1 2025 4 24 20 23 1
he 0 51 10 1 1 1 3 1 2 2025 4 24 20 24 1
j 0 19 1 1 0 1 0 0 2 2025 4 24 20 29 1
j 0 20 4 0 0 1 0 0 2 2025 4 24 20 31 1
j 0 3 0 0 0 0 0 0 3 2025 4 24 20 31 1
j 0 2 0 0 0 0 0 0 1 2025 4 24 20 31 1
h 0 16 0 0 0 0 0 0 1 2025 4 24 20 34 1
h 0 0 0 0 0 0 0 0 3 2025 4 24 20 45 1
h 0 2 0 0 0 0 0 0 3 2025 4 24 20 51 1
h 0 0 0 0 0 0 0 0 3 2025 4 24 20 51 1
h 0 7 1 0 0 0 0 0 1 2025 4 24 20 56 1
h 1 21 17 1 1 3 0 2 3 2025 4 24 20 58 3
h 0 16 4 0 0 1 0 0 3 2025 4 24 21 4 1
h 0 8 0 0 0 0 1 0 2 2025 4 25 11 42 1
h 1 54 20 2 2 2 0 5 2 2025 4 25 11 44 1
